11000101010
11001000100
11000100111
11000110100
11000101010
100000
11000110011
11000101010
11001001000
11000101111
11001000110
11001001010
100000
11000101000
11001001000
11000101111
100000
11001001000
11001000100
11001001010
100000
11001000101
11000101010
11000100111
11000110011
11001000001
11000100111
11001000110
11001000111
100000
11010101001
11001001010
11000110001
100000
11000110100
11000101111
11001001010
101110
100000
11000101110
11001001010
11000101110
11001001010
11000101110
11001001010
11000101110
11001001010
11000101110
11001001010
11000101110
11001001010
111001
110010
110000
111000
110011
110111
110110
110100